
h =

     1


p =

   8.1449e-10


h =

     1


p =

   8.1449e-10


h =

     1


p =

   8.1449e-10


h =

     1


m =

   8.1449e-10


h =

     1


m =

   8.1449e-10


h =

     1


m =

   8.1449e-10


h =

     1


m =

   8.1449e-10


h =

     1


m =

   8.1449e-10


h =

     1


m =

   8.1449e-10


h =

     1


m =

   8.1449e-10


h =

     1


m =

   8.1449e-10


h =

     1


m =

   8.1449e-10


h =

     1


m =

   8.1449e-10

